
=========================
Meter: 23.0
Parsec: 7.453794e-16
Light Year: 2.4311e-15
Inch: 905.5123
Foot: 75.45932
Yard: 25.1531066666659
=========================
